[
[565, 231, 247, 226, 468, 404, 305, 301],
[231, 733, 399, 370, 458, 558, 491, 481],
[247, 399, 882, 507, 510, 571, 722, 645],
[226, 370, 507, 993, 481, 558, 682, 833],
[468, 458, 510, 481, 2319, 1432, 1138, 1036],
[404, 558, 571, 558, 1432, 2266, 1292, 1160],
[305, 491, 722, 682, 1138, 1292, 2225, 1471],
[301, 481, 645, 833, 1036, 1160, 1471, 2441]
]
